0.3 1
125
86 60
86 244
317 244
317 60
148 106
148 180
219 180
219 106
317 152
201.5 244
86 152
201.5 60
148 143
183.5 180
219 143
183.5 106
317 106
317 198
259.25 244
143.75 244
86 198
86 106
143.75 60
259.25 60
148 124.5
148 161.5
165.75 180
201.25 180
219 161.5
219 124.5
201.25 106
165.75 106
317 83
317 129
317 175
317 221
288.125 244
230.375 244
172.625 244
114.875 244
86 221
86 175
86 129
86 83
114.875 60
172.625 60
230.375 60
288.125 60
302.563 244
273.688 244
100.438 244
100.438 60
129.313 60
302.563 60
295.344 230.54
280.906 229.593
107.656 230.54
107.656 73.46
122.094 74.4074
295.344 73.46
156.875 193.206
174.625 195.442
192.375 195.442
210.125 193.206
210.125 92.7936
192.375 90.5583
174.625 90.5583
156.875 92.7936
134.769 115.25
132.341 133.75
132.341 152.25
134.769 170.75
232.231 170.75
234.659 152.25
234.659 133.75
232.231 115.25
302.72 94.5
300.316 117.5
296.709 140.5
296.709 163.5
300.316 186.5
302.72 209.5
100.28 209.5
102.684 186.5
106.291 163.5
106.291 140.5
102.684 117.5
100.28 94.5
244.813 225.151
215.938 223
187.063 223
158.188 225.151
129.313 228.941
244.813 78.8487
273.688 75.0588
261.499 223.901
141.501 80.0987
141.522 193.939
225.478 193.939
225.478 92.0612
133.845 99.8411
289.048 216.001
117.427 215.422
113.952 87.9985
285.573 88.5776
163.904 208.981
203.096 208.981
118.801 122.563
125.385 186.06
248.199 163.437
241.615 186.06
253.312 143
248.199 122.563
241.615 99.9397
285.999 104.378
280.013 126.099
275.709 152
280.013 177.901
285.999 199.622
117.001 199.622
117.001 104.378
251.812 206.587
141.532 210.148
261.468 93.8523
259.699 179.053
196
2	48	35
48	36	54
36	49	55
49	18	55
39	50	56
50	1	40
0	51	43
51	44	57
44	52	58
52	22	58
47	53	59
53	3	32
5	26	60
26	13	61
13	27	62
27	6	63
7	30	64
30	15	65
15	31	66
31	4	67
4	24	68
24	12	69
12	25	70
25	5	71
6	28	72
28	14	73
14	29	74
29	7	75
32	16	76
16	33	77
33	8	78
8	34	79
34	17	80
17	35	81
40	20	82
20	41	83
41	10	84
10	42	85
42	21	86
21	43	87
18	37	88
37	9	89
9	38	90
38	19	91
19	39	92
22	45	67
45	11	65
11	46	64
46	23	93
23	47	94
35	48	54
54	36	55
55	18	95
56	50	40
39	56	92
43	51	57
57	44	58
58	22	96
59	53	32
47	59	94
60	26	61
5	60	97
61	13	62
62	27	63
63	6	98
64	30	65
7	64	99
65	15	66
66	31	67
67	4	96
68	24	69
4	68	100
69	12	70
70	25	71
71	5	97
72	28	73
6	72	98
73	14	74
74	29	75
75	7	99
76	16	77
32	76	59
77	33	78
78	8	79
79	34	80
80	17	81
81	35	54
82	20	83
40	82	56
83	41	84
84	10	85
85	42	86
86	21	87
87	43	57
88	37	89
18	88	95
89	9	90
90	38	91
91	19	92
67	45	66
22	67	96
65	11	64
45	65	66
64	46	99
93	23	94
46	93	99
54	55	101
55	95	101
92	56	102
57	58	103
58	96	100
94	59	104
60	61	105
97	60	105
61	62	90
62	63	106
63	98	106
96	4	100
68	69	107
100	68	107
69	70	85
70	71	84
71	97	108
72	73	109
98	72	110
73	74	111
74	75	112
75	99	113
76	77	114
59	76	104
77	78	115
78	79	116
79	80	117
80	81	118
81	54	101
82	83	119
56	82	102
83	84	108
84	85	70
85	86	107
86	87	120
87	57	103
88	89	98
95	88	121
89	90	106
90	91	105
91	92	122
93	94	123
99	93	113
101	95	118
92	102	122
103	58	100
94	104	123
105	61	90
97	105	122
90	62	106
106	98	89
107	69	85
100	107	120
84	71	108
108	97	119
109	73	111
72	109	110
98	110	121
111	74	112
112	75	113
114	77	115
76	114	104
115	78	116
116	79	117
117	80	118
118	81	101
119	83	108
82	119	102
107	86	120
120	87	103
88	98	121
95	121	118
105	91	122
93	123	113
122	102	119
103	100	120
123	104	114
97	122	119
109	111	116
110	109	124
121	110	124
111	112	115
112	113	123
114	115	123
115	116	111
116	117	109
117	118	124
118	121	124
115	112	123
109	117	124
4
39 3
49 3
51 3
53 3
1
13 0 -0.1
