 0.000461422
  -0.0167625
  0.00239639
  -0.0119401
 -0.00267256
  -0.0101561
-0.000270518
  -0.0133347
  -0.0102257
  -0.0213316
  -0.0444299
  -0.0840153
   0.0215547
  -0.0946828
   0.0105976
   -0.033769
   0.0194721
  -0.0178436
  -0.0304845
   -0.150416
  -0.0435075
  -0.0335095
 -0.00028852
  -0.0258149
  -0.0374387
  -0.0372128
  -0.0135686
   -0.283878
   0.0213042
  -0.0504078
  0.00243044
  -0.0241358
   0.0175708
  -0.0210551
  0.00426928
 -0.00935742
  -0.0176411
  -0.0250815
   0.0305241
  -0.0966553
  -0.0219389
   -0.014891
   -0.022628
  -0.0329255
  -0.0041019
  -0.0195913
   0.0104683
  -0.0281678
  -0.0261751
   -0.026311
  -0.0446844
  -0.0540482
  -0.0456775
   -0.160893
   0.0206399
   -0.167282
   0.0239046
  -0.0659449
   0.0168579
  -0.0403746
  0.00667444
  -0.0278315
  -0.0025371
  -0.0213257
   0.0134911
  -0.0173774
   0.0205029
  -0.0211323
   0.0134231
  -0.0129506
 -0.00207278
 -0.00972399
 -0.00117457
 -0.00978824
  -0.0426224
  -0.0961022
  0.00951589
   -0.154434
           0
           0
    -0.00235
  -0.0119432
  -0.0392236
  -0.0241577
  -0.0348684
  -0.0367858
  -0.0134865
  -0.0236537
 -0.00465512
  -0.0149436
 -0.00304147
  -0.0202087
  0.00465117
  -0.0311188
  0.00888427
  -0.0154943
 -0.00264365
  -0.0110346
           0
           0
   0.0023966
  -0.0149161
           0
           0
 -0.00460696
  -0.0185183
           0
           0
 -0.00319222
  -0.0111135
 -0.00463319
 -0.00836741
  0.00280807
  -0.0152379
 -0.00355862
  -0.0119884
 -0.00429253
   -0.018262
  0.00582549
  -0.0104685
   -0.019014
   -0.125083
 -0.00516298
   -0.199777
  -0.0173349
   -0.204886
 -0.00297436
   -0.133278
  0.00500923
   -0.029607
  0.00191737
  -0.0249318
  -0.0011372
  -0.0217998
 -0.00419658
  -0.0196232
  -0.0207513
  -0.0283943
  -0.0344817
  -0.0360514
  -0.0445258
  -0.0446195
  -0.0485692
  -0.0551603
   0.0269094
  -0.0654805
    0.025417
  -0.0531166
   0.0211428
  -0.0449534
   0.0152299
  -0.0387452
   0.0145074
  -0.0182949
   0.0190418
  -0.0218503
   0.0214578
  -0.0230212
   0.0185961
  -0.0209675
   0.0100888
  -0.0160148
 0.000304334
  -0.0118169
  -0.0128108
  -0.0212927
  -0.0338204
  -0.0298606
  -0.0460134
  -0.0353001
  -0.0404675
  -0.0343494
  -0.0273073
  -0.0310315
  -0.0152842
   -0.024366
  -0.0104592
  -0.0576854
  -0.0206219
   -0.127817
  -0.0108827
   -0.173407
  0.00235551
   -0.135004
 -0.00230854
  -0.0496742
  0.00801342
  -0.0319553
  0.00848678
  -0.0231185
 -0.00516283
  -0.0296008
 -0.00432998
  -0.0197054
  -0.0273071
  -0.0783956
  0.00614736
  -0.0907407
  0.00734811
  -0.0328729
  -0.0110253
  -0.0232677
  -0.0015361
  -0.0114069
 -0.00983489
  -0.0362236
 -0.00897317
  -0.0198084
   0.0103647
  -0.0191839
-0.000425413
   -0.153191
    -0.01909
   -0.158646
  -0.0289161
  -0.0314627
  -0.0373185
  -0.0494899
   0.0257822
  -0.0478601
   0.0163099
  -0.0584116
   0.0238791
      -0.041
   0.0186895
  -0.0383187
   0.0115709
  -0.0348836
   0.0152866
   -0.022546
   0.0204208
  -0.0274632
    0.022905
  -0.0303013
   0.0162209
  -0.0257706
  0.00576555
  -0.0175833
  -0.0246711
  -0.0390612
  -0.0174752
  -0.0257298
  0.00330864
  -0.0447912
   -0.011992
  -0.0835355
   0.0114564
  -0.0291383
   0.0183517
  -0.0397886
2.9701e-05
0.000108643
0.000359398
0.00261436
0.000838226
2.10198e-07
0.000473678
0.00088557
0.000181722
4.45016e-05
0.0010151
0.000277871
0.00158578
0.00426568
0.00420464
0.00152039
0.000230935
0.00023964
0.000281766
0.000446736
0.000464836
0.000628906
0.000949927
0.00173225
0.00166451
0.000882633
0.000565324
0.000385313
0.00018282
0.000115181
0.000174809
0.000225695
0.000179101
9.52924e-05
0.000238627
0.000433772
0.000450758
0.000268592
0.000269821
0.000432766
0.00126836
0.000872023
0.00161566
0.00109497
0.00178783
4.53039e-05
0.000113971
0.000180867
0.000238464
0.000260689
7.21932e-05
8.48331e-05
0.000475586
0.000203941
0.00212326
0.00097205
0.000259979
5.59406e-05
0.000828501
0.000320405
0.0013216
0.00154782
0.00515555
0.00135348
0.00148763
0.000146809
0.000230477
0.00017423
0.000189114
0.000288614
0.000416993
0.000519299
0.000515243
0.000631118
0.00083033
0.000709296
0.000840568
0.000488485
0.000349127
0.000218554
0.000186543
0.000364109
0.000125039
0.000104139
0.000173227
0.000176306
8.68188e-05
0.00033225
0.000499746
0.000169118
0.000207997
0.000298632
0.0003477
0.000515849
0.00085583
0.000901502
0.000670661
0.000583169
0.000909524
0.000184188
1.64577e-05
0.00018369
0.000189394
0.000185568
0.000125336
0.000132176
0.00028452
0.000872729
0.000689804
0.00062433
0.000292458
0.000582846
0.00232329
0.00158025
0.00122137
0.00235811
0.00152798
0.000203132
0.000641897
0.000552049
0.000664903
0.000714683
0.00071827
0.00082401
0.000842798
0.000615811
0.000487476
0.000332839
0.00029206
0.00058469
0.000250625
0.000237751
0.000209166
0.000199302
0.000128567
0.000313983
0.000694409
0.000289276
0.000415684
0.000409749
0.000448465
0.000644517
0.00126167
0.000741124
0.001421
0.00114266
0.00155162
0.000341971
0.000229675
0.000302065
0.00105182
0.000302815
0.000371211
0.00227105
0.00158006
0.00227301
0.00155833
0.000542603
0.000534114
0.000250504
0.000514676
0.000467504
0.000490825
0.000818936
0.000428206
0.000329355
0.000343855
0.000376687
0.000278464
0.000154329
0.000290159
0.000397655
0.000259835
0.000240895
0.00049612
0.000495051
0.000759446
0.000462252
0.00190643
0.000308145
0.000700125
0.000537103
0.000499379
0.000583645
0.000469865
0.000398742
0.000369846
0.000462693
0.000407407
0.000408494
0.00038986
0.000354427
0.000272211
0.000175769
0.000440896
0.000239364
